Score 251920
@[0.08361893812737665, 0.02669027097580028, 0.4186912266190314, 0.3746008765522777, -0.6008033567126216, -0.8067070957260081, 0.02235519863575837, -0.8131257639823362, -0.005566495466378787, 1.060688069993952, 0.05067745525928487, 0.1200872702447185]

Score 221084
@[0.5704066054214583, -0.06951457997162859, -0.3279843076040669, -0.5645677123097548, 0.346450990369559, -3.296972499086517, -0.1164442015474249, 0.5719759120377425, -0.5486765515528994, 0.3439779233953104, -0.3546525881179688, -1.307245507867448]

Score 212264
@[0.4144747807799432, 0.3963447424712835, -0.7729750881195508, -0.5920104608608484, 0.2734794948199936, -1.932317433639622, 0.1253094353065707, -0.0307977786658587, -0.06496606525569255, 0.5047193445605139, -0.07438376061115365, -0.8518769024689941]

Score ~210000
@[0.3710674032186442, -0.1014394709636735, -0.3582575735541792, -0.00984848587973298, 0.7046080597749005, -3.756243696158543, -0.1563528209650629, -0.1100188077117515, -0.7763543542703446, -1.064203601320681, -0.3181506468225345, -0.9055811216897528]

Score 105728
@[-0.1734088860622884, -0.07680029082867504, -0.3791068119947488, -0.02925912010228086, 0.6975495792505808, -3.777130302196959, -0.1089022384094747, -0.1078104481966899, 0.2803727743072505, -0.3976162704933925, -0.3188437466632332, -1.479408421009091]
